Classification Report
              precision    recall  f1-score   support

           0       0.97      0.80      0.88      1126
           1       0.99      0.99      0.99      1100
           2       0.96      0.91      0.93      1002
           3       0.77      0.98      0.86      1212
           4       0.81      0.15      0.25      1163
           5       0.95      0.99      0.97      1405
           6       0.98      0.98      0.98      1255
           7       0.98      0.98      0.98      1223
           8       0.76      0.93      0.84      1197
           9       0.93      0.98      0.95      1296
          10       0.96      0.02      0.04      1272
          11       0.70      1.00      0.82      1320
          12       0.74      0.72      0.73       819
          13       0.78      0.68      0.73       655
          14       0.94      0.65      0.77      1201
          15       0.79      0.97      0.87      1019
          16       0.93      0.78      0.84      1007
          17       0.72      0.95      0.82      1252
          18       0.46      0.60      0.52      1244
          19       0.92      0.78      0.84      1183
          20       0.72      0.80      0.76      1292
          21       0.50      0.90      0.65      1291
          22       0.99      0.98      0.98      1187
          23       0.39      0.34      0.37      1075
          24       0.97      1.00      0.99      1298
          25       0.98      0.93      0.95      1146

    accuracy                           0.80     30240
   macro avg       0.83      0.80      0.78     30240
weighted avg       0.83      0.80      0.78     30240
